127
127
127
127
127
127
127
127
127
127
127
127
127
127
127
127
127
127
127
127
127
127
127
127
127
128
128
128
128
128
128
128
128
128
128
128
128
128
128
128
128
128
128
128
128
128
128
128
128
128
129
129
129
129
129
129
129
129
129
129
129
129
129
129
129
129
129
129
129
129
129
129
129
129
129
130
130
130
130
130
130
130
130
130
130
130
130
130
130
130
130
130
130
130
130
129
129
129
129
129
129
129
129
129
129
129
129
129
129
129
129
129
129
129
129
128
128
128
128
128
128
128
128
128
128
128
128
128
128
128
128
128
128
128
128
127
127
127
127
127
127
127
127
127
127
127
127
127
127
127
127
127
127
127
127
128
128
128
128
128
128
128
128
128
128
128
128
128
129
129
129
129
129
129
129
129
129
129
129
129
129
128
128
128
128
128
129
129
129
129
129
129
129
129
129
129
129
129
129
129
129
129
129
129
129
129
129
129
129
128
128
128
128
128
128
128
128
128
128
129
129
129
129
129
129
129
129
129
129
130
130
130
130
130
130
130
130
130
130
131
131
131
131
131
131
131
131
131
131
131
131
131
131
131
131
131
131
131
131
130
130
130
130
130
130
130
130
130
130
130
130
130
130
130
130
130
130
130
130
129
129
129
129
129
129
129
129
129
129
129
129
129
129
129
129
129
129
129
129
128
128
128
128
128
128
128
128
128
128
128
128
128
128
128
128
128
128
128
128
127
127
127
127
127
127
127
127
127
127
127
127
127
127
127
127
127
127
127
127
126
126
126
126
126
126
126
126
126
126
126
126
126
126
126
126
126
126
126
126
126
126
126
126
126
126
126
126
126
126
125
125
125
125
125
125
125
125
125
125
125
125
125
125
125
125
124
124
124
124
124
124
124
124
124
124
124
124
124
124
124
124
124
124
124
124
124
125
125
125
125
125
125
125
125
125
125
125
125
125
125
125
125
125
125
124
124
124
124
124
124
124
124
124
124
124
124
124
124
124
124
124
125
125
125
125
125
125
125
125
125
125
125
125
125
125
125
125
125
125
125
125
124
124
124
124
124
124
124
124
124
124
124
124
124
124
124
124
124
124
124
124
123
123
123
123
123
123
123
123
123
123
124
124
124
124
124
123
123
122
121